d =

 Columns 1 through 9:

   7.0000e+00   5.0000e+00   3.0000e+00   5.0000e+00   8.6200e+01   2.6200e+01   9.4300e+01   5.1000e+00   8.2000e+00
   7.0000e+00   4.0000e+00   1.0000e+01   2.0000e+00   9.0600e+01   3.5400e+01   6.6910e+02   6.7000e+00   1.8000e+01
   7.0000e+00   4.0000e+00   1.0000e+01   6.0000e+00   9.0600e+01   4.3700e+01   6.8690e+02   6.7000e+00   1.4600e+01
   8.0000e+00   6.0000e+00   3.0000e+00   5.0000e+00   9.1700e+01   3.3300e+01   7.7500e+01   9.0000e+00   8.3000e+00
   8.0000e+00   6.0000e+00   3.0000e+00   7.0000e+00   8.9300e+01   5.1300e+01   1.0220e+02   9.6000e+00   1.1400e+01
   8.0000e+00   6.0000e+00   8.0000e+00   7.0000e+00   9.2300e+01   8.5300e+01   4.8800e+02   1.4700e+01   2.2200e+01
   8.0000e+00   6.0000e+00   8.0000e+00   1.0000e+00   9.2300e+01   8.8900e+01   4.9560e+02   8.5000e+00   2.4100e+01
   8.0000e+00   6.0000e+00   8.0000e+00   1.0000e+00   9.1500e+01   1.4540e+02   6.0820e+02   1.0700e+01   8.0000e+00
   8.0000e+00   6.0000e+00   9.0000e+00   2.0000e+00   9.1000e+01   1.2950e+02   6.9260e+02   7.0000e+00   1.3100e+01
   7.0000e+00   5.0000e+00   9.0000e+00   6.0000e+00   9.2500e+01   8.8000e+01   6.9860e+02   7.1000e+00   2.2800e+01
   7.0000e+00   5.0000e+00   9.0000e+00   6.0000e+00   9.2500e+01   8.8000e+01   6.9860e+02   7.1000e+00   1.7800e+01
   7.0000e+00   5.0000e+00   9.0000e+00   6.0000e+00   9.2800e+01   7.3200e+01   7.1300e+02   2.2600e+01   1.9300e+01
   6.0000e+00   5.0000e+00   8.0000e+00   5.0000e+00   6.3500e+01   7.0800e+01   6.6530e+02   8.0000e-01   1.7000e+01
   6.0000e+00   5.0000e+00   9.0000e+00   1.0000e+00   9.0900e+01   1.2650e+02   6.8650e+02   7.0000e+00   2.1300e+01
   6.0000e+00   5.0000e+00   9.0000e+00   3.0000e+00   9.2900e+01   1.3330e+02   6.9960e+02   9.2000e+00   2.6400e+01
   6.0000e+00   5.0000e+00   9.0000e+00   5.0000e+00   9.3300e+01   1.4120e+02   7.1390e+02   1.3900e+01   2.2900e+01
   5.0000e+00   5.0000e+00   3.0000e+00   6.0000e+00   9.1700e+01   3.5800e+01   8.0800e+01   7.8000e+00   1.5100e+01
   8.0000e+00   5.0000e+00   1.0000e+01   1.0000e+00   8.4900e+01   3.2800e+01   6.6420e+02   3.0000e+00   1.6700e+01
   6.0000e+00   4.0000e+00   3.0000e+00   3.0000e+00   8.9200e+01   2.7900e+01   7.0800e+01   6.3000e+00   1.5900e+01
   6.0000e+00   4.0000e+00   4.0000e+00   6.0000e+00   8.6300e+01   2.7400e+01   9.7100e+01   5.1000e+00   9.3000e+00
   6.0000e+00   4.0000e+00   9.0000e+00   2.0000e+00   9.1000e+01   1.2950e+02   6.9260e+02   7.0000e+00   1.8300e+01
   5.0000e+00   4.0000e+00   9.0000e+00   1.0000e+00   9.1800e+01   7.8500e+01   7.2430e+02   9.2000e+00   1.9100e+01
   7.0000e+00   4.0000e+00   6.0000e+00   7.0000e+00   9.4300e+01   9.6300e+01   2.0000e+02   5.6100e+01   2.1000e+01
   7.0000e+00   4.0000e+00   8.0000e+00   6.0000e+00   9.0200e+01   1.1090e+02   5.3740e+02   6.2000e+00   1.9500e+01
   7.0000e+00   4.0000e+00   8.0000e+00   6.0000e+00   9.3500e+01   1.3940e+02   5.9420e+02   2.0300e+01   2.3700e+01
   7.0000e+00   4.0000e+00   8.0000e+00   7.0000e+00   9.1400e+01   1.4240e+02   6.0140e+02   1.0600e+01   1.6300e+01
   7.0000e+00   4.0000e+00   9.0000e+00   5.0000e+00   9.2400e+01   1.1790e+02   6.6800e+02   1.2200e+01   1.9000e+01
   7.0000e+00   4.0000e+00   9.0000e+00   1.0000e+00   9.0900e+01   1.2650e+02   6.8650e+02   7.0000e+00   1.9400e+01
   6.0000e+00   3.0000e+00   9.0000e+00   6.0000e+00   9.3400e+01   1.4540e+02   7.2140e+02   8.1000e+00   3.0200e+01
   6.0000e+00   3.0000e+00   9.0000e+00   7.0000e+00   9.3500e+01   1.4930e+02   7.2860e+02   8.1000e+00   2.2800e+01
   6.0000e+00   3.0000e+00   9.0000e+00   5.0000e+00   9.4300e+01   8.5100e+01   6.9230e+02   1.5900e+01   2.5400e+01
   6.0000e+00   3.0000e+00   9.0000e+00   1.0000e+00   8.8600e+01   9.1800e+01   7.0990e+02   7.1000e+00   1.1200e+01
   6.0000e+00   3.0000e+00   9.0000e+00   5.0000e+00   8.8600e+01   6.9700e+01   7.0680e+02   5.8000e+00   2.0600e+01
   6.0000e+00   3.0000e+00   9.0000e+00   7.0000e+00   9.1700e+01   7.5600e+01   7.1830e+02   7.8000e+00   1.7700e+01
   6.0000e+00   3.0000e+00   9.0000e+00   1.0000e+00   9.1800e+01   7.8500e+01   7.2430e+02   9.2000e+00   2.1200e+01
   6.0000e+00   3.0000e+00   9.0000e+00   2.0000e+00   9.0300e+01   8.0700e+01   7.3020e+02   6.3000e+00   1.8200e+01
   6.0000e+00   3.0000e+00   1.0000e+01   2.0000e+00   9.0600e+01   3.5400e+01   6.6910e+02   6.7000e+00   2.1700e+01
   7.0000e+00   4.0000e+00   1.0000e+01   5.0000e+00   9.0000e+01   4.1500e+01   6.8260e+02   8.7000e+00   1.1300e+01
   7.0000e+00   3.0000e+00   1.0000e+01   6.0000e+00   9.0600e+01   4.3700e+01   6.8690e+02   6.7000e+00   1.7800e+01
   4.0000e+00   4.0000e+00   3.0000e+00   2.0000e+00   8.8100e+01   2.5700e+01   6.7600e+01   3.8000e+00   1.4100e+01
   4.0000e+00   4.0000e+00   7.0000e+00   2.0000e+00   7.9500e+01   6.0600e+01   3.6670e+02   1.5000e+00   2.3300e+01
   4.0000e+00   4.0000e+00   8.0000e+00   6.0000e+00   9.0200e+01   9.6900e+01   6.2420e+02   8.9000e+00   1.8400e+01
   4.0000e+00   4.0000e+00   8.0000e+00   2.0000e+00   9.4800e+01   1.0830e+02   6.4710e+02   1.7000e+01   1.6600e+01
   4.0000e+00   4.0000e+00   9.0000e+00   6.0000e+00   9.2500e+01   8.8000e+01   6.9860e+02   7.1000e+00   1.9600e+01
   4.0000e+00   4.0000e+00   9.0000e+00   3.0000e+00   9.0100e+01   8.2900e+01   7.3570e+02   6.2000e+00   1.2900e+01
   5.0000e+00   6.0000e+00   9.0000e+00   3.0000e+00   9.4300e+01   8.5100e+01   6.9230e+02   1.5900e+01   2.5900e+01
   5.0000e+00   6.0000e+00   9.0000e+00   1.0000e+00   9.0900e+01   1.2650e+02   6.8650e+02   7.0000e+00   1.4700e+01
   6.0000e+00   6.0000e+00   7.0000e+00   1.0000e+00   9.4200e+01   6.2300e+01   4.4290e+02   1.1000e+01   2.3000e+01
   4.0000e+00   4.0000e+00   3.0000e+00   1.0000e+00   8.7200e+01   2.3900e+01   6.4700e+01   4.1000e+00   1.1800e+01
   4.0000e+00   4.0000e+00   3.0000e+00   1.0000e+00   8.7600e+01   5.2200e+01   1.0380e+02   5.0000e+00   1.1000e+01
   4.0000e+00   4.0000e+00   9.0000e+00   4.0000e+00   9.2900e+01   1.3700e+02   7.0640e+02   9.2000e+00   2.0800e+01
   4.0000e+00   3.0000e+00   8.0000e+00   7.0000e+00   9.0200e+01   9.9600e+01   6.3120e+02   6.3000e+00   2.1500e+01
   4.0000e+00   3.0000e+00   8.0000e+00   3.0000e+00   9.2100e+01   1.1120e+02   6.5410e+02   9.6000e+00   2.0400e+01
   4.0000e+00   3.0000e+00   8.0000e+00   3.0000e+00   9.2100e+01   1.1120e+02   6.5410e+02   9.6000e+00   2.0400e+01
   4.0000e+00   3.0000e+00   8.0000e+00   4.0000e+00   9.1700e+01   1.1430e+02   6.6130e+02   6.3000e+00   1.7600e+01
   4.0000e+00   3.0000e+00   9.0000e+00   4.0000e+00   9.2900e+01   1.3700e+02   7.0640e+02   9.2000e+00   2.7700e+01
   4.0000e+00   3.0000e+00   9.0000e+00   2.0000e+00   9.0300e+01   8.0700e+01   7.3020e+02   6.3000e+00   1.7800e+01
   4.0000e+00   3.0000e+00   1.0000e+01   7.0000e+00   9.2600e+01   4.6500e+01   6.9180e+02   8.8000e+00   1.3800e+01
   2.0000e+00   2.0000e+00   2.0000e+00   1.0000e+00   8.4000e+01   9.3000e+00   3.4000e+01   2.1000e+00   1.3900e+01
   2.0000e+00   2.0000e+00   2.0000e+00   5.0000e+00   8.6600e+01   1.3200e+01   4.3000e+01   5.3000e+00   1.2300e+01
   2.0000e+00   2.0000e+00   3.0000e+00   7.0000e+00   8.9300e+01   5.1300e+01   1.0220e+02   9.6000e+00   1.1500e+01
   2.0000e+00   2.0000e+00   3.0000e+00   7.0000e+00   8.9300e+01   5.1300e+01   1.0220e+02   9.6000e+00   5.5000e+00
   2.0000e+00   2.0000e+00   8.0000e+00   4.0000e+00   9.3000e+01   7.5300e+01   4.6660e+02   7.7000e+00   1.8800e+01
   2.0000e+00   2.0000e+00   8.0000e+00   7.0000e+00   9.0200e+01   9.9600e+01   6.3120e+02   6.3000e+00   2.0800e+01
   2.0000e+00   2.0000e+00   8.0000e+00   1.0000e+00   9.1100e+01   1.0320e+02   6.3880e+02   5.8000e+00   2.3100e+01
   2.0000e+00   2.0000e+00   8.0000e+00   4.0000e+00   9.1700e+01   1.1430e+02   6.6130e+02   6.3000e+00   1.8600e+01
   2.0000e+00   2.0000e+00   9.0000e+00   5.0000e+00   9.2400e+01   1.1790e+02   6.6800e+02   1.2200e+01   2.3000e+01
